0,00000000001
20
101 0 0 -5 0 4 1 5 -3 3 3 -5 3 1 5 -3 4 -4 -1 -5 -510
5 101 4 1 0 0 -2 -2 2 -5 0 1 -2 1 -2 -1 1 2 -2 -1 517
1 1 101 -3 -2 5 -2 -4 2 3 -4 2 -3 5 -4 -4 -5 0 -3 -1 279
1 3 -5 101 5 -2 3 1 2 -5 4 5,000009 4 3 -4 -3 1 -3 3 -2 123
-1 -2 1 -3 101 -5 -2 -1 -1 2 -2 -4 -1 -2 0 2 5 -3 2 0 97
-5 0 1 -4 -3 101 2 -1 1 0 -2 3 5 1 -4 3 4 2 4 -3 368
5 3 -2 0 5 3 101 -5 5 1 3.9 4 3 3 -5 -3 0 -1 1 -1 114
0 -5 5 0 -1 -3 5 101 4 3 3 -1 4 -5 1 5 -2 -1 -3 3 -5
-5 0 -1 2 2 -4 -4 -1 101 -1 5 -3 0 0 -5 -3 1 -1 -5 5 241
-1 3 -5 -4 0 5 -5 3 -3 101 5 -2 -4 -1 -2 0 -5 2 4 -4 -329
-2 -3 -3 5 -4 -2 5 -5 -1 5 101 -3 0 -4 -2 -5 -5 -4 -1 -1 -61
5 -3 -3 -3 5 -5 1 -4 5 -4 3 101 2 -2 5 0 -2 -4 -1 4 -160
0 2 0 -1 -4 3 -5 -3 -5 -1 -4 2 81 -5 -1 -3 -2 4 -3 2 158
-5 4 -3 -5 -5 3 4 4 0 -5 2 2 2 81 -1 2 -5 0 3 1 36
5 -3 -4 5 0 -2 0 1 2 -2 -5 -2 -5 -4 101 0 1 5 5 -4 -353
-4 -2 -2 -3 5 -4 4 5 0 5 5 -2 -1 1 -3 101 -2 -5 -4 4 187
2 3 -3 -3 0 5 -5 0 2 1 -2 -3 -3 5 5 -5 101 3 2 3 485
-1 0 3 -5 5 -4 -2 -2 1 4 -2 3 4 0 1 0 -3 101 -1 -4 75
-3 2 0 1 5 4 0 4 0 5 5 -3 5 5 -4 1 5 -1 101 -5 -27
3 -1 2 -4 1 5 5 1 -1 -2 -3 -5 0 1 -4 1 -3 3 -2 101 117
